9.998114917811078417e-01
5.457573352258449084e-01
-1.610498351898692615e-01
-1.509978268122331158e-01
5.013167484763367820e-01
9.033681364753355370e-01
5.788713195757226870e-01
1.078306550700186550e-02
-6.767131309810237028e-02
3.890534092529918664e-01
7.502033076865923800e-01
5.619588573509614049e-01
1.032556189776934752e-01
-2.701697752965570576e-02
3.054799203375870853e-01
6.342034338841209262e-01
5.299328990967269171e-01
1.477506307026192345e-01
-9.723645268573832823e-03
2.397103373674540072e-01
5.421242626759199545e-01
4.950540720914064496e-01
1.705897033076653746e-01
-3.162536508109936584e-03
1.844743133276202651e-01
4.640512955815311313e-01
4.593725966381375092e-01
1.819121953331380159e-01
-1.757954711780196355e-03
1.365741057790790802e-01
3.950389876778463427e-01
4.232887315760199831e-01
1.862116473415299511e-01
-2.859572930870968310e-03
9.442335991267253315e-02
3.324999318958968275e-01
3.868969112672311916e-01
1.857566156348863795e-01
-5.170630775324702721e-03
5.713373712961206108e-02
2.750717290204993115e-01
3.502094416151488310e-01
1.816934619582978860e-01
-7.992051301247915518e-03
2.417934432345919538e-02
2.219350523047660118e-01
3.132839589124141733e-01
1.747554046220202162e-01
-1.101510898734525679e-02
-4.913323400965896592e-03
1.725933027756435534e-01
2.762810517654063491e-01
1.654340407963397208e-01
-1.417859818549743744e-02
-3.053785008343395946e-02
1.267975284365495670e-01
2.393827338871185595e-01
1.540063997084855085e-01
-1.748409138149908948e-02
-5.298058491206725229e-02
8.432731608333754458e-02
2.027034435556849257e-01
1.407188079897048749e-01
-2.097769731672671778e-02
-7.257095591295287251e-02
4.503721256088921709e-02
1.664469568184578363e-01
1.257608067076926295e-01
-2.481714632181075686e-02
-8.962127849793516399e-02
8.829801861073127700e-03
1.308330624486590543e-01
1.093538539309518720e-01
-2.908791401587790260e-02
-1.044224123550409611e-01
-2.441277111917122822e-02
9.602457708990885799e-02
9.166442217704207085e-02
-3.388076490819402764e-02
-1.172394857553744618e-01
-5.479428411499803753e-02
6.218602405608153472e-02
7.285507726416612373e-02
-3.929425266191410859e-02
-1.283255453450692918e-01
-8.244007367343486603e-02
2.943965871569170778e-02
5.310950157458693699e-02
-4.537986772638663568e-02
-1.379601467466101683e-01
-1.075016340434816198e-01
-2.052397014783546858e-03
3.263063348805994579e-02
-5.221471714523151508e-02
-1.464034414567331743e-01
-1.301044847091225587e-01
-3.217792096494764831e-02
1.156331337456534269e-02
-5.982476328238772734e-02
-1.538576821214992507e-01
-1.504067249700014042e-01
-6.084729337263306004e-02
-9.872026958821056297e-03
-6.820459627479402709e-02
-1.605738745128870715e-01
-1.685752058174636581e-01
-8.796944983928162154e-02
-3.153690574481832209e-02
-7.738484750227853093e-02
-1.667251724605084973e-01
-1.847618271987588323e-01
-1.135310433363055926e-01
-5.327023394470292716e-02
-8.730753901161508734e-02
-1.724871477324758096e-01
-1.991617712395893913e-01
-1.374923189598094009e-01
-7.490712861244902543e-02
-9.793723654937613876e-02
-1.780204439774515368e-01
-2.119371165275269475e-01
-1.598159868719830068e-01
-9.628527950585707984e-02
-1.092352869954577033e-01
-1.834874507125873744e-01
-2.232623286812579488e-01
-1.805369725298617278e-01
-1.172974996329637642e-01
-1.211209351890024655e-01
-1.889560614386736614e-01
-2.332987291365133387e-01
-1.996866009478907578e-01
-1.378170228044384715e-01
-1.335033096047579804e-01
-1.945426136387654048e-01
-2.422312848281088504e-01
-2.173118069248470285e-01
-1.577504882328107927e-01
-1.463263460656722414e-01
-2.003100534664436494e-01
-2.501826037300044492e-01
-2.334500424779954453e-01
-1.769954571876615756e-01
-1.594935975766852976e-01
-2.063280596998349203e-01
-2.573203932365685787e-01
-2.481836526798170683e-01
-1.954847086831015268e-01
-1.729058281085831816e-01
-2.126231103176507431e-01
-2.637866768248827154e-01
-2.615848950886964785e-01
-2.131517503861659613e-01
-1.864744032603510293e-01
-2.192223650295802018e-01
-2.697016757591598202e-01
-2.737417264758690849e-01
-2.299562560127363375e-01
-2.001219254629853506e-01
-2.261411095620352585e-01
-2.751704234172535068e-01
-2.847259804844717301e-01
-2.458744954035013697e-01
-2.137671840865463246e-01
-2.333681803060123627e-01
-2.803063641165647879e-01
-2.946463728479333244e-01
-2.608663426819722853e-01
-2.273191133936660613e-01
-2.409043861223077454e-01
-2.851964791574586600e-01
-3.035914366828686428e-01
-2.749499027187913280e-01
-2.406957047240144698e-01
-2.487054863681030792e-01
-2.899370087721158673e-01
-3.116583584569118104e-01
-2.880911637871893527e-01
-2.538324334587798159e-01
-2.567840408332374147e-01
-2.945958774484950804e-01
-3.189216125396590051e-01
-3.003070414574247060e-01
-2.666610397464380666e-01
-2.650862216128326843e-01
-2.992389478740411501e-01
-3.254859482830621542e-01
-3.116156949528613995e-01
-2.791202415140009996e-01
-2.735802475889888563e-01
-3.039125178024008611e-01
-3.314402081690200341e-01
-3.220580421060137977e-01
-2.911631777919173047e-01
-2.822014879827061673e-01
-3.086389277180843216e-01
-3.368708089178980569e-01
-3.316636372532253407e-01
-3.027379800808179811e-01
-2.909030128387423697e-01
-3.134585313271882612e-01
