9.998114917811078417e-01
5.409097811307718162e-01
-2.171964082827528286e-01
-3.083965647390657927e-01
3.134736556187039946e-01
8.457961211716414907e-01
6.901734040947946625e-01
1.076342448890688086e-01
-1.861952954858308029e-01
1.121625847706154699e-01
5.928549000823650772e-01
6.760232390912062073e-01
2.967892525356696232e-01
-6.623009903129356557e-02
5.800067466011138428e-03
3.878760880834615232e-01
5.998875595573509578e-01
3.971774139630385725e-01
4.225656978697345245e-02
-3.967728682950183439e-02
2.253039417941890554e-01
4.941003670952183180e-01
4.394223226543267913e-01
1.385154342575695696e-01
-4.161172580148264633e-02
1.019822002871785815e-01
3.742765739155767268e-01
4.359259746906115618e-01
2.168418146514624611e-01
-1.274459091611557238e-02
1.746280989590981436e-02
2.532590443987154383e-01
3.956188876352715322e-01
2.709755868032074910e-01
3.467049158492752081e-02
-2.984034947367969481e-02
1.423147162905302188e-01
3.280335229295882615e-01
2.966439989232454999e-01
8.850769242914446888e-02
-4.410616737227179840e-02
5.041980699172526892e-02
2.437131966411997808e-01
2.927742000859151483e-01
1.377545645813576525e-01
-3.226149692231961019e-02
-1.665996779357609148e-02
1.536977966597341538e-01
2.618214832601537534e-01
1.734357820428800157e-01
-3.306567754653821911e-03
-5.683181162799721964e-02
6.828493101151539291e-02
2.093438312785688704e-01
1.896605745569356349e-01
3.300078071522938306e-02
-7.162931533887123559e-02
-4.212271634249531438e-03
1.430301002703555646e-01
1.840317329001593949e-01
6.732487240872575551e-02
-6.571846642523654358e-02
-5.821437789221745041e-02
7.154190348855893333e-02
1.575817124338997899e-01
9.201876909522715975e-02
-4.589230294902379992e-02
-9.146668149746056686e-02
3.136745476429725343e-03
1.142957357694570075e-01
1.019752977018683615e-01
-1.988211619977786615e-02
-1.047767477823751681e-01
-5.529815737051879676e-02
6.010011206761112224e-02
9.496915569422986758e-02
4.865160815935243299e-03
-1.016611147544698168e-01
-9.919517980541303626e-02
1.827821231805026869e-03
7.166886802453387162e-02
2.215219990089239976e-02
-8.746938827065597888e-02
-1.265927960867159752e-01
-5.385229258846779832e-02
3.515178788596751147e-02
2.778289245668069674e-02
-6.838322866432872127e-02
-1.381151674223721204e-01
-1.014656366988700986e-01
-9.865293261641483458e-03
1.998151791146096645e-02
-5.037697196070711758e-02
-1.365990480009294794e-01
-1.373569364663644321e-01
-5.788616520523925946e-02
-7.098261498612035147e-04
-3.842412636661579617e-02
-1.263303805568505855e-01
-1.599583748827793639e-01
-1.036091639639100115e-01
-3.181224164988299963e-02
-3.579966889821611931e-02
-1.122470761516229931e-01
-1.698632936511583202e-01
-1.426693808556662724e-01
-6.947343467109717841e-02
-4.391673906601623045e-02
-9.919406177293121907e-02
-1.693629578846253536e-01
-1.721425562251389652e-01
-1.093198604229311255e-01
-6.231031310135870527e-02
-9.110255759603125281e-02
-1.619410283422986763e-01
-1.908670077010630184e-01
-1.470804055580164915e-01
-8.891370403653270360e-02
-9.059078217538962807e-02
-1.516122172846443017e-01
-1.993594531524561786e-01
-1.792432332304056408e-01
-1.205803699860636957e-01
-9.872596908236275226e-02
-1.422774525341864438e-01
-1.995552596315774974e-01
-2.035545984264638397e-01
-1.537669444844524391e-01
-1.150379661351358940e-01
-1.370324649129058270e-01
-1.942876784037952942e-01
-2.191353905929531165e-01
-1.850490606473885191e-01
-1.378064675408640638e-01
-1.379596576306991174e-01
-1.868317106336389033e-01
-2.264747693546791951e-01
-2.116642309863369653e-01
-1.645148409212409124e-01
-1.458507957108929332e-01
-1.802538633806208268e-01
-2.271392035658790221e-01
-2.317954988833730301e-01
-1.922548915989867879e-01
-1.602988107051912525e-01
-1.771082071400107427e-01
-2.234970334344797971e-01
-2.448033455787547163e-01
-2.182658467863487495e-01
-1.798505726687323891e-01
-1.790017735479975114e-01
-2.181902198003793369e-01
-2.511353391963323523e-01
-2.403300687491378151e-01
-2.024142415664525463e-01
-1.865268733306553184e-01
-2.137267204262693898e-01
-2.521331597334811048e-01
-2.570573406767828195e-01
-2.256517470543938364e-01
-1.992777471854944027e-01
-2.120953704506549631e-01
-2.497309201309230731e-01
-2.679798510162620939e-01
-2.473357527738607176e-01
-2.160621954229283714e-01
-2.145882205910014107e-01
-2.460647135354707138e-01
-2.734851183463446467e-01
-2.657007222725245588e-01
-2.351555756567025313e-01
-2.216417526306028729e-01
-2.431913529562363396e-01
-2.747089407271608441e-01
-2.796233532889499940e-01
-2.546456167334897880e-01
-2.328875416691605915e-01
-2.426794802216191149e-01
-2.732484914577808510e-01
-2.888169614495308957e-01
-2.727520853515844057e-01
-2.472982498291870224e-01
-2.455235862318896900e-01
-2.708414690544916348e-01
-2.936247316079393377e-01
-2.880755897170337310e-01
-2.634847755749812337e-01
-2.520410795650849245e-01
-2.691147332821647309e-01
-2.949965114919659848e-01
-2.997522457697914811e-01
-2.798876137950637721e-01
-2.619191539868048202e-01
-2.693604503420442553e-01
-2.942241789972870336e-01
-3.075219087020560349e-01
-2.950574112820991690e-01
-2.743027667868265795e-01
-2.723550692496760073e-01
-2.927366130617780060e-01
-3.117259503383267849e-01
