9.998114917811078417e-01
5.387519504953577343e-01
-2.426476521959172183e-01
-3.829605719044467116e-01
2.155449180201544079e-01
7.991005040115740643e-01
7.300382632264185157e-01
1.674903478492419384e-01
-2.111802464339728735e-01
-1.141670762183566445e-02
4.797113893132359808e-01
6.822374122241785521e-01
3.937386427371128983e-01
-2.160551045005459914e-02
-8.995503675000671162e-02
2.322882417793284970e-01
5.443695585327025244e-01
4.874017327787698584e-01
1.472076513292199240e-01
-7.436356142569899852e-02
6.253771579845662787e-02
