9.998114917811078417e-01
5.387519504953577343e-01
-2.426476521959172183e-01
-3.829605719044467116e-01
2.155449180201544079e-01
7.991005040115740643e-01
7.300382632264185157e-01
1.674903478492419384e-01
-2.111802464339728735e-01
-1.141670762183566445e-02
4.797113893132359808e-01
6.822374122241785521e-01
3.937386427371128983e-01
-2.160551045005459914e-02
-8.995503675000671162e-02
2.322882417793284970e-01
5.443695585327025244e-01
4.874017327787698584e-01
1.472076513292199240e-01
-7.436356142569899852e-02
6.253771579845662787e-02
3.731321451104835929e-01
4.854046816725182123e-01
2.766281414835576324e-01
-6.713855049072514625e-04
-2.934836292033626837e-02
2.048459283122628372e-01
4.129357897181915038e-01
3.507368785399834210e-01
9.781160167958080631e-02
-5.003800760272630876e-02
6.774704669617159780e-02
2.974450284120537802e-01
3.628997979183611888e-01
1.901512393720060645e-01
-1.581063723322873038e-02
-2.016855513032628222e-02
1.685790376420984726e-01
3.184530626638404360e-01
2.519350465673852457e-01
4.960362206820095876e-02
-5.347989135180114539e-02
5.353346277319820379e-02
2.333750352496134495e-01
2.693669101391827359e-01
1.199990354949888594e-01
-3.928290589323280013e-02
-2.782158437411852425e-02
1.301345254186612177e-01
2.408671248244833585e-01
1.723974611499956566e-01
5.828790107490711137e-03
-6.634634245684623011e-02
3.200084290302357415e-02
1.759996651356180442e-01
1.918516706514331038e-01
6.075665801331059379e-02
-6.431908730063912172e-02
-4.238988328592790955e-02
9.174872060065281110e-02
1.737522230585689664e-01
1.053463561525515568e-01
-3.332519766480712686e-02
-8.277274648101617949e-02
7.490692708031099212e-03
1.236049649641060011e-01
1.251723961311679845e-01
9.709352646825597510e-03
-8.872703524157377064e-02
-6.004725643201491714e-02
5.430023271173145538e-02
1.142876931895510095e-01
4.757311479626663564e-02
-6.822485944665718227e-02
-1.005649165973681591e-01
-1.819626054473583165e-02
7.545380857737815639e-02
6.692349925552903978e-02
-3.466016661719129033e-02
-1.118656613055855065e-01
-7.914300454436778987e-02
1.831461977064380298e-02
6.114385901439634008e-02
-2.724805534358831771e-03
-9.931437939155629557e-02
-1.186237663438195478e-01
-4.400944508342280459e-02
3.112523095540142837e-02
1.553013148081261452e-02
-7.350209637151766673e-02
-1.334571911919170684e-01
-9.869002686058420126e-02
-1.596650175741726185e-02
1.334831147546017283e-02
-4.681840101402168219e-02
-1.270420525103090892e-01
-1.364687028101738697e-01
-6.944941488960981735e-02
-9.686404981385177138e-03
-2.999206007145127639e-02
-1.076335687108465056e-01
-1.535552038030739141e-01
-1.182370764751439762e-01
-4.838602128466229502e-02
-2.966909098190900762e-02
-8.559811784038606763e-02
-1.518498549501930417e-01
-1.538607172818693969e-01
-9.414086514812736173e-02
-4.716622964082034519e-02
-7.041290719554121891e-02
-1.377320469032082828e-01
-1.722349244898291887e-01
-1.374820434163811500e-01
-7.889193112999098867e-02
-6.841477311608262779e-02
-1.197993734834590929e-01
-1.741365823867657148e-01
-1.707002194541444307e-01
-1.179038116266188374e-01
-8.154602373069980148e-02
-1.063531445474270032e-01
-1.643717005884941518e-01
-1.896264253400017363e-01
-1.562171779209399758e-01
-1.074399367441361552e-01
-1.033245517394795754e-01
-1.500493537855149828e-01
-1.942183170428358752e-01
-1.868868264036403493e-01
-1.406018294644745259e-01
-1.130309064170827438e-01
-1.383578089341324091e-01
-1.880277731455584078e-01
-2.058370702272010466e-01
-1.743149816821534248e-01
-1.340645414354562637e-01
-1.347569412053277182e-01
-1.768451891407952781e-01
-2.124032152332441803e-01
-2.024308379310214567e-01
-1.621583640260511605e-01
-1.417717613795789755e-01
-1.668391268797611571e-01
-2.091194180466844355e-01
-2.210151092879871215e-01
-1.917057869584798402e-01
-1.587753137667171632e-01
-1.629959825070029789e-01
-2.006162569474211343e-01
-2.289551622446858170e-01
-2.173180566667082814e-01
-1.825248272857444842e-01
-1.679639541394556401e-01
-1.921985157871868855e-01
-2.279560672945974420e-01
-2.352216892800085835e-01
-2.083350262854078427e-01
-1.816714354487072303e-01
-1.883938332364983870e-01
-2.217413334866273900e-01
-2.440246956256625355e-01
-2.314979828236739534e-01
-2.016888289634582998e-01
-1.918263150209501555e-01
-2.148220159600824353e-01
-2.448284448799205593e-01
-2.485008072409506386e-01
-2.241458204852040392e-01
-2.028308297976831875e-01
-2.112198313867968413e-01
-2.405578484141165374e-01
-2.578313365518583034e-01
-2.449792891664313577e-01
-2.196165617602269249e-01
-2.134955614162094562e-01
-2.350089906180372057e-01
-2.600293813710132795e-01
-2.609717262685864458e-01
-2.391021615447384563e-01
-2.222888471456453963e-01
-2.317337877591867934e-01
-2.573742517145428121e-01
-2.704844105423316325e-01
-2.577412839884738460e-01
-2.363719527845287161e-01
-2.331976112014459424e-01
-2.530457347051774941e-01
-2.737111365704262833e-01
-2.726216649977851181e-01
-2.532103148763643619e-01
-2.402109119404146065e-01
-2.501887382704613971e-01
-2.724020093994822811e-01
-2.820991478577028477e-01
-2.697971116964130722e-01
-2.519606749371984811e-01
-2.510624361185666009e-01
-2.691733749947773369e-01
-2.860835835432145591e-01
-2.835288268502756948e-01
