9.998114917811078417e-01
5.409097811307718162e-01
-2.171964082827528286e-01
-3.083965647390657927e-01
3.134736556187039946e-01
8.457961211716414907e-01
6.901734040947946625e-01
1.076342448890688086e-01
-1.861952954858308029e-01
1.121625847706154699e-01
5.928549000823650772e-01
6.760232390912062073e-01
2.967892525356696232e-01
-6.623009903129356557e-02
5.800067466011138428e-03
3.878760880834615232e-01
5.998875595573509578e-01
3.971774139630385725e-01
4.225656978697345245e-02
-3.967728682950183439e-02
2.253039417941890554e-01
